6 0.622 0.598 0.068 0.118
6 0.366 0.566 0.064 0.104
6 0.888 0.65 0.086 0.125
6 0.235 0.557 0.065 0.102
6 0.113 0.541 0.06 0.095
6 0.49 0.584 0.067 0.12
6 0.752 0.628 0.07 0.131
7 0.616 0.515 0.052 0.037
7 0.488 0.496 0.054 0.042
7 0.881 0.561 0.058 0.044
7 0.364 0.47 0.052 0.04
7 0.111 0.445 0.051 0.04
7 0.231 0.469 0.051 0.042
7 0.748 0.539 0.051 0.04
8 0.703 0.265 0.081 0.078
8 0.84 0.286 0.062 0.067
8 0.969 0.3 0.061 0.068
8 0.562 0.238 0.095 0.081
8 0.285 0.209 0.084 0.081
8 0.031 0.179 0.059 0.079