6 0.874 0.425 0.093 0.151
6 0.73 0.432 0.094 0.138
8 0.858 0.078 0.06 0.064
6 0.069 0.525 0.122 0.152
6 0.201 0.501 0.103 0.142
7 0.708 0.34 0.051 0.038
8 0.187 0.176 0.062 0.063
6 0.323 0.477 0.112 0.127
6 0.449 0.461 0.088 0.13
7 0.046 0.437 0.059 0.042
7 0.437 0.378 0.05 0.037
6 0.984 0.38 0.033 0.087
8 0.316 0.156 0.059 0.067
8 0.589 0.111 0.064 0.072
7 0.182 0.41 0.047 0.039
8 0.453 0.133 0.067 0.066
8 0.985 0.067 0.029 0.067
8 0.722 0.087 0.055 0.064
7 0.853 0.326 0.053 0.041
8 0.054 0.195 0.069 0.069
7 0.568 0.361 0.052 0.04
7 0.297 0.398 0.054 0.037
6 0.594 0.448 0.101 0.137
7 0.988 0.316 0.024 0.036