6 0.529 0.439 0.09 0.137
6 0.104 0.403 0.103 0.15
6 0.815 0.472 0.083 0.127
6 0.252 0.417 0.09 0.15
6 0.404 0.434 0.091 0.146
6 0.946 0.49 0.081 0.125
6 0.678 0.457 0.086 0.135
7 0.522 0.347 0.056 0.04
7 0.399 0.342 0.053 0.037
7 0.809 0.381 0.057 0.042
7 0.089 0.308 0.056 0.043
7 0.664 0.365 0.06 0.04
8 0.284 0.069 0.064 0.065
7 0.936 0.396 0.054 0.043
7 0.241 0.318 0.055 0.039
8 0.14 0.065 0.061 0.064
8 0.015 0.051 0.03 0.068
8 0.426 0.081 0.056 0.063
8 0.562 0.094 0.07 0.07
8 0.702 0.116 0.072 0.071
8 0.832 0.12 0.068 0.064