6 0.194 0.641 0.097 0.126
8 0.583 0.246 0.069 0.075
6 0.337 0.611 0.094 0.125
6 0.615 0.56 0.113 0.141
8 0.859 0.198 0.071 0.074
6 0.061 0.665 0.096 0.136
6 0.874 0.526 0.117 0.153
6 0.471 0.591 0.096 0.141
7 0.158 0.561 0.062 0.044
8 0.724 0.228 0.068 0.075
7 0.303 0.529 0.058 0.043
7 0.58 0.48 0.067 0.04
6 0.976 0.489 0.048 0.116
6 0.74 0.539 0.117 0.149
8 0.272 0.286 0.063 0.066
7 0.451 0.505 0.06 0.04
7 0.026 0.577 0.052 0.043
7 0.847 0.438 0.059 0.042
7 0.71 0.459 0.061 0.041
8 0.981 0.18 0.039 0.075
8 0.105 0.31 0.072 0.08