6 0.909 0.403 0.1 0.145
8 0.341 0.053 0.07 0.074
6 0.768 0.397 0.093 0.154
6 0.479 0.388 0.104 0.155
8 0.496 0.05 0.067 0.067
6 0.342 0.398 0.098 0.147
6 0.622 0.397 0.095 0.162
8 0.792 0.053 0.073 0.067
6 0.205 0.405 0.088 0.138
8 0.639 0.05 0.064 0.066
6 0.065 0.423 0.094 0.147
7 0.32 0.305 0.058 0.041
8 0.202 0.069 0.063 0.065
8 0.052 0.078 0.065 0.064
7 0.895 0.309 0.058 0.046
7 0.754 0.305 0.053 0.039
7 0.61 0.3 0.056 0.042
7 0.051 0.326 0.056 0.043
7 0.456 0.29 0.064 0.046
7 0.194 0.319 0.046 0.033
8 0.937 0.069 0.075 0.069