6 0.396 0.767 0.109 0.139
6 0.867 0.667 0.105 0.14
8 0.33 0.421 0.071 0.067
6 0.233 0.799 0.101 0.154
6 0.561 0.748 0.104 0.157
7 0.521 0.654 0.07 0.047
6 0.064 0.819 0.101 0.146
6 0.719 0.697 0.12 0.142
6 0.975 0.642 0.049 0.121
7 0.037 0.73 0.064 0.043
7 0.36 0.683 0.07 0.041
7 0.208 0.705 0.063 0.041
7 0.825 0.578 0.066 0.043
7 0.682 0.614 0.063 0.043
7 0.965 0.564 0.064 0.047
8 0.493 0.403 0.066 0.066
8 0.161 0.448 0.066 0.062
8 0.77 0.347 0.068 0.071
8 0.903 0.309 0.092 0.068
8 0.618 0.368 0.078 0.057